id
148647
148607
148616
148667
148643
148662
6102
148664
3502
1818
2404
4626
148595
25022
148634
2614
2159
148640
148584
148619
148624
30426
2276
559
1032
4347
6319
250
1181
1218
4420
291
7107
148660
148658
148596
148581
148606
572
148582
81912
148612
148605
148629
148601
148650
148666
148602
148654
148592
148631
148646
148633
148648
148641
148638
148618
148572
148577
13244
148576
148600
148651
148637
148611
148615
148590
148586
148649
148613
148655
148628
148597
148652
956
1061
6330
148598
148609
7270
148591
148585
148639
148663
148622
8544
963
148630
24837
20614
4621
132570
57986
13552
975
108194
720
2997
22748
7591
7797
3286
51267
148530
101712
9935
38260
44087
22172
21961
13569
9097
9240
410
58259
6216
3688
353
2294
871
253
2056
2498
294
6166
16099
4424
4245
696
3034
1382
78391
148571
107930
19831
4887
4232
8591
10119
8141
583
30488
38048
19295
2033
57723
501
440
3650
1031
2258
23994
1363
1572
8076
2433
26131
3168
12846
7603
363
37986
34783
7450
20497
14713
73821
5193
2032
29989
2295
28335
280
11212
6781
23585
670
1354
4317
10184
10663
14437
2774
22372
43223
25500
697
2455
379
8733
6339
3873
558
33599
49283
7408
13025
1292
4848
8618
5854
42928
1823
5610
59506
2252
936
39836
2292
8502
2088
327
12935
1432
10596
23507
938
136559
1451
69677
1291
39059
1182
49549
4282
4177
140015
48239
9848
30582
1881
148589
148626
365
1374
374
2217
356
3523
421
534
7209
1718
591
361
386
317
23760
15157
27855
145127
1932
5279
61264
13644
40208
2370
123029
2450
352
148636
582
685
5295
9109
1129
6515
23963
4091
7403
380
369
1458
148604
5810
484
266
7531
390
7255
1140
68005
148617
265
335
514
30321
17164
688
1123
148580
1534
1665
7254
148610
3281
48868
2129
3763
1886
1647
148575
1518
38918
235
1051
40327
28657
4673
4203
3821
144375
339
15351
36833
1529
2695
23591
6728
3333
92681
2971
413
148599
148653
21869
148644
47976
2283
5235
12884
1734
6153
148659
381
255
137902
108252
3388
10736
15860
11694
14090
51216
148656
3661
1847
248
7216
33111
824
1456
553
148568
520
2403
26210
592
3319
148593
18687
3080
4199
82227
15408
14618
5332
79618
148574
4204
40527
6730
52872
476
68327
4107
1461
477
334
4517
108079
3978
1420
306
17662
3728
930
547
148588
1290
148608
148620
23721
1849
1733
13791
9986
14300
426
19328
585
1501
814
148627
12829
28285
528
53448
6393
6283
8481
533
148657
10087
50706
1802
7899
3817
794
54692
236
27871
778
73144
13657
1298
16919
2777
259
12226
393
947
25041
2534
60040
7804
2575
35979
3365
692
29581
258
6297
65472
6704
9989
15306
24040
9957
105853
17093
118672
148621
1530
42799
422
13680
11179
712
25400
148587
39353
4530
2711
2754
148614
148603
148665
1059
148578
148594
148642
148583
148569
148579
14869